9300
9306
8744
9337
9232
9387
8866
8542
8861
8765
8670
8711
7769
8389
7897
8168
8212
1426
2345
2549
4029
4691
5457
7036
7546
404
1117
2137
4381
5044
861
3921
4835
6163
6774
6824
3253
3557
4373
6823
6923
7128
1923
3351
4219
4523
5339
5391
5953
6157
32
289
1767
2431
6868
7429
2325
3651
4875
5078
5488
7017
487
2577
3087
2423
2882
4361
5228
25
5073
5277
226
482
1500
6653
7059
69
325
2773
3283
3488
6191
6956
6597
7617
1700
4401
4505
5678
5831
7257
371
2358
2359
2615
2665
6542
7458
521
6487
7100
211
1129
1742
3271
3731
3935
5007
5
1738
2811
3115
5310
5411
6942
3421
3573
3879
4083
5307
6173
7243
1633
10923
10941
10428
11112
10734
10060
9877
9526
10049
10048
9581
10685
10045
9818
9756
9676
9715
9429
9538
9723
9434
10489
